--- Hosoya_Index ---
74	1
102	1
110	1
118	1
126	1
128	1
132	1
134	1
135	1
136	1
138	1
140	1
142	1
144	1
146	1
148	2
150	1
152	3
154	1
155	1
156	2
157	1
158	3
160	3
162	4
164	2
165	1
166	1
168	6
170	3
172	3
173	1
174	3
176	6
177	2
178	5
179	1
180	5
182	5
184	8
186	5
187	1
188	4
190	6
192	15
194	4
195	4
196	10
197	1
198	11
199	1
200	11
201	3
202	7
203	1
204	13
206	10
207	2
208	16
210	11
211	2
212	10
213	2
214	10
215	2
216	34
217	3
218	17
219	4
220	13
222	16
223	3
224	29
225	3
226	15
227	3
228	29
229	1
230	17
231	5
232	30
233	8
234	27
235	2
236	24
237	4
238	21
239	4
240	43
241	5
242	15
243	9
244	30
245	4
246	32
247	3
248	48
249	10
250	31
251	4
252	51
253	8
254	30
255	14
256	59
257	6
258	33
259	8
260	44
261	10
262	44
263	15
264	69
265	10
266	39
267	9
268	45
269	5
270	54
271	11
272	63
273	15
274	47
275	15
276	80
277	10
278	46
279	23
280	66
281	14
282	64
283	18
284	72
285	31
286	62
287	9
288	121
289	18
290	53
291	27
292	80
293	15
294	71
295	18
296	116
297	31
298	77
299	21
300	118
301	18
302	72
303	30
304	128
305	22
306	89
307	28
308	92
309	22
310	85
311	19
312	169
313	23
314	95
315	44
316	150
317	29
318	111
319	37
320	129
321	57
322	110
323	30
324	183
325	43
326	101
327	52
328	141
329	31
330	134
331	37
332	166
333	59
334	129
335	38
336	196
337	36
338	133
339	75
340	164
341	41
342	148
343	57
344	211
345	56
346	138
347	45
348	253
349	52
350	142
351	80
352	237
353	45
354	195
355	62
356	197
357	72
358	164
359	65
360	307
361	65
362	181
363	91
364	220
365	72
366	205
367	80
368	251
369	95
370	214
371	72
372	305
373	80
374	196
375	122
376	303
377	81
378	249
379	88
380	289
381	102
382	236
383	94
384	350
385	101
386	207
387	106
388	310
389	90
390	273
391	109
392	350
393	108
394	268
395	112
396	353
397	115
398	293
399	144
400	366
401	115
402	356
403	118
404	364
405	152
406	295
407	121
408	463
409	147
410	309
411	164
412	379
413	130
414	350
415	132
416	435
417	175
418	351
419	148
420	481
421	141
422	338
423	174
424	444
425	154
426	411
427	176
428	458
429	169
430	392
431	182
432	513
433	161
434	396
435	228
436	492
437	165
438	449
439	189
440	532
441	212
442	416
443	200
444	512
445	224
446	434
447	222
448	578
449	188
450	536
451	206
452	526
453	254
454	490
455	211
456	633
457	240
458	483
459	242
460	586
461	215
462	538
463	257
464	652
465	247
466	524
467	245
468	667
469	245
470	576
471	295
472	617
473	289
474	586
475	271
476	718
477	281
478	575
479	289
480	717
481	283
482	618
483	298
484	706
485	280
486	619
487	336
488	737
489	360
490	636
491	306
492	812
493	311
494	672
495	334
496	765
497	334
498	746
499	354
500	695
501	375
502	716
503	328
504	885
505	339
506	729
507	362
508	820
509	350
510	734
511	326
512	861
513	395
514	792
515	378
516	871
517	378
518	816
519	373
520	892
521	441
522	832
523	436
524	910
525	408
526	822
527	419
528	949
529	423
530	848
531	448
532	908
533	432
534	855
535	445
536	1034
537	462
538	859
539	443
540	1035
541	481
542	894
543	500
544	1046
545	441
546	947
547	445
548	1041
549	533
550	941
551	430
552	1105
553	527
554	919
555	520
556	1110
557	521
558	1042
559	519
560	1185
561	523
562	1075
563	501
564	1200
565	532
566	1035
567	595
568	1142
569	558
570	1071
571	584
572	1166
573	572
574	1152
575	571
576	1305
577	589
578	1106
579	583
580	1200
581	578
582	1159
583	606
584	1247
585	565
586	1141
587	613
588	1362
589	621
590	1175
591	654
592	1340
593	606
594	1133
595	631
596	1340
597	640
598	1211
599	638
600	1418
601	661
602	1169
603	658
604	1423
605	702
606	1235
607	656
608	1391
609	726
610	1334
611	719
612	1475
613	794
614	1327
615	692
616	1515
617	729
618	1410
619	680
620	1449
621	685
622	1285
623	728
624	1485
625	759
626	1308
627	773
628	1563
629	735
630	1456
631	796
632	1602
633	817
634	1431
635	792
636	1644
637	789
638	1450
639	852
640	1673
641	768
642	1539
643	792
644	1578
645	851
646	1455
647	821
648	1631
649	839
650	1414
651	827
652	1715
653	788
654	1593
655	835
656	1758
657	877
658	1617
659	903
660	1751
661	899
662	1580
663	920
664	1771
665	941
666	1591
667	877
668	1795
669	969
670	1630
671	942
672	1779
673	942
674	1662
675	907
676	1849
677	909
678	1689
679	1014
680	1821
681	911
682	1678
683	989
684	1830
685	973
686	1774
687	954
688	1908
689	985
690	1760
691	1019
692	2003
693	977
694	1847
695	1040
696	1997
697	973
698	1798
699	1062
700	1928
701	1015
702	1759
703	1088
704	2046
705	1016
706	1830
707	1073
708	2040
709	1028
710	1842
711	1054
712	2008
713	1052
714	1980
715	1127
716	2072
717	1122
718	2001
719	1071
720	2065
721	1177
722	1903
723	1057
724	2128
725	1065
726	2060
727	1084
728	2079
729	1124
730	1940
731	1131
732	2148
733	1168
734	2011
735	1187
736	2193
737	1139
738	2055
739	1165
740	2119
741	1195
742	2046
743	1144
744	2195
745	1175
746	2037
747	1199
748	2237
749	1206
750	2113
751	1225
752	2191
753	1276
754	2134
755	1268
756	2346
757	1275
758	2122
759	1270
760	2376
761	1254
762	2137
763	1259
764	2290
765	1298
766	2186
767	1310
768	2345
769	1215
770	2253
771	1189
772	2328
773	1275
774	2155
775	1262
776	2376
777	1302
778	2262
779	1342
780	2440
781	1379
782	2251
783	1351
784	2376
785	1343
786	2359
787	1396
788	2515
789	1361
790	2335
791	1273
792	2560
793	1371
794	2344
795	1349
796	2594
797	1391
798	2257
799	1358
800	2463
801	1325
802	2480
803	1407
804	2587
805	1417
806	2309
807	1314
808	2571
809	1373
810	2411
811	1414
812	2484
813	1396
814	2467
815	1397
816	2643
817	1444
818	2416
819	1383
820	2664
821	1468
822	2491
823	1458
824	2574
825	1376
826	2459
827	1508
828	2579
829	1533
830	2507
831	1522
832	2742
833	1425
834	2526
835	1492
836	2665
837	1527
838	2520
839	1452
840	2643
841	1486
842	2498
843	1475
844	2638
845	1469
846	2584
847	1462
848	2717
849	1542
850	2578
851	1531
852	2792
853	1496
854	2639
855	1552
856	2813
857	1525
858	2534
859	1563
860	2833
861	1533
862	2531
863	1541
864	2790
865	1526
866	2650
867	1544
868	2745
869	1536
870	2664
871	1556
872	2829
873	1591
874	2667
875	1624
876	2893
877	1608
878	2838
879	1653
880	2909
881	1723
882	2843
883	1636
884	2849
885	1585
886	2747
887	1663
888	2813
889	1581
890	2670
891	1536
892	2941
893	1692
894	2768
895	1649
896	2873
897	1681
898	2914
899	1636
900	3001
901	1737
902	2673
903	1631
904	2946
905	1599
906	2858
907	1728
908	2926
909	1722
910	2707
911	1732
912	2969
913	1581
914	2689
915	1671
916	3038
917	1672
918	2766
919	1658
920	2985
921	1613
922	2886
923	1701
924	3035
925	1696
926	2902
927	1747
928	2952
929	1733
930	2886
931	1734
932	2929
933	1779
934	2818
935	1655
936	3082
937	1758
938	2897
939	1799
940	3016
941	1692
942	2949
943	1718
944	3087
945	1664
946	2789
947	1777
948	3046
949	1704
950	2927
951	1716
952	3174
953	1814
954	2848
955	1827
956	3112
957	1791
958	2990
959	1755
960	3205
961	1832
962	2974
963	1811
964	3128
965	1708
966	2909
967	1720
968	3052
969	1702
970	2886
971	1663
972	3164
973	1791
974	3027
975	1735
976	3106
977	1853
978	2928
979	1763
980	3142
981	1738
982	2993
983	1807
984	3147
985	1830
986	3020
987	1807
988	3248
989	1773
990	3063
991	1885
992	3188
993	1835
994	3064
995	1865
996	3246
997	1813
998	3039
999	1874
1000	3274
1001	1750
1002	3201
1003	1823
1004	3240
1005	1852
1006	3089
1007	1828
1008	3233
1009	1861
1010	2986
1011	1861
1012	3144
1013	1847
1014	2990
1015	1759
1016	3191
1017	1749
1018	2956
1019	1704
1020	3045
1021	1828
1022	3010
1023	1775
1024	3113
1025	1843
1026	3021
1027	1769
1028	3228
1029	1966
1030	3084
1031	1788
1032	3288
1033	1921
1034	3136
1035	1896
1036	3289
1037	1850
1038	3004
1039	1790
1040	3233
1041	1891
1042	3027
1043	1928
1044	3263
1045	1818
1046	3105
1047	1829
1048	3159
1049	1911
1050	3121
1051	1953
1052	3144
1053	1848
1054	3057
1055	1872
1056	3371
1057	1839
1058	3165
1059	1856
1060	3288
1061	1759
1062	3173
1063	1806
1064	3183
1065	1849
1066	3105
1067	1816
1068	3256
1069	1820
1070	3105
1071	1836
1072	3068
1073	1930
1074	3065
1075	1781
1076	3112
1077	1921
1078	3032
1079	1894
1080	3138
1081	1918
1082	3165
1083	1882
1084	3259
1085	1905
1086	3088
1087	1808
1088	3230
1089	1943
1090	3114
1091	1864
1092	3299
1093	1932
1094	3226
1095	1908
1096	3188
1097	1887
1098	3194
1099	1966
1100	3413
1101	1957
1102	3168
1103	1902
1104	3388
1105	1987
1106	3216
1107	1879
1108	3298
1109	1867
1110	3209
1111	1910
1112	3295
1113	1913
1114	3053
1115	1806
1116	3271
1117	1789
1118	2900
1119	1921
1120	3335
1121	1894
1122	3031
1123	1906
1124	3414
1125	1873
1126	3161
1127	2042
1128	3370
1129	1979
1130	3285
1131	1945
1132	3356
1133	2006
1134	3293
1135	1904
1136	3370
1137	1901
1138	3225
1139	1865
1140	3274
1141	1964
1142	3070
1143	1935
1144	3293
1145	1755
1146	2987
1147	1777
1148	3171
1149	1784
1150	2997
1151	1712
1152	3059
1153	1746
1154	3041
1155	1712
1156	3200
1157	1750
1158	3149
1159	1852
1160	3230
1161	1836
1162	3209
1163	1987
1164	3209
1165	1882
1166	3064
1167	1919
1168	3209
1169	1944
1170	3031
1171	1868
1172	3137
1173	1787
1174	2932
1175	1754
1176	3028
1177	1828
1178	2962
1179	1769
1180	3088
1181	1748
1182	3045
1183	1764
1184	3225
1185	1825
1186	2973
1187	1928
1188	3224
1189	1768
1190	3253
1191	1811
1192	3185
1193	1881
1194	3061
1195	1824
1196	3198
1197	1788
1198	3088
1199	1829
1200	3073
1201	1851
1202	2998
1203	1802
1204	3210
1205	1813
1206	2927
1207	1805
1208	3121
1209	1784
1210	2888
1211	1790
1212	3233
1213	1644
1214	2863
1215	1815
1216	3134
1217	1829
1218	2989
1219	1778
1220	3218
1221	1783
1222	2903
1223	1818
1224	3107
1225	1785
1226	3041
1227	1869
1228	3196
1229	1786
1230	3037
1231	1906
1232	3212
1233	1814
1234	3174
1235	1818
1236	3198
1237	1951
1238	2998
1239	1943
1240	3194
1241	1846
1242	3131
1243	1852
1244	3103
1245	1856
1246	3041
1247	1866
1248	3229
1249	1821
1250	3074
1251	1822
1252	3174
1253	1921
1254	3256
1255	1905
1256	3242
1257	1832
1258	3064
1259	1999
1260	3124
1261	1845
1262	3154
1263	1758
1264	3086
1265	1844
1266	2964
1267	1769
1268	2991
1269	1755
1270	3001
1271	1779
1272	3178
1273	1791
1274	2889
1275	1912
1276	3235
1277	1727
1278	2989
1279	1846
1280	3162
1281	1771
1282	2949
1283	1818
1284	3132
1285	1764
1286	2956
1287	1770
1288	3151
1289	1886
1290	2971
1291	1781
1292	3111
1293	1703
1294	2919
1295	1738
1296	2943
1297	1814
1298	2778
1299	1672
1300	3063
1301	1698
1302	2670
1303	1701
1304	3012
1305	1643
1306	2839
1307	1712
1308	2930
1309	1630
1310	2726
1311	1727
1312	2955
1313	1674
1314	2983
1315	1625
1316	3002
1317	1734
1318	2979
1319	1732
1320	2977
1321	1672
1322	2854
1323	1709
1324	2902
1325	1705
1326	2802
1327	1666
1328	2613
1329	1495
1330	2656
1331	1588
1332	2622
1333	1560
1334	2603
1335	1456
1336	2687
1337	1465
1338	2689
1339	1488
1340	2776
1341	1706
1342	2709
1343	1613
1344	2914
1345	1667
1346	2836
1347	1681
1348	2814
1349	1663
1350	2683
1351	1545
1352	2740
1353	1628
1354	2756
1355	1607
1356	2727
1357	1544
1358	2657
1359	1480
1360	2794
1361	1650
1362	2610
1363	1612
1364	2706
1365	1585
1366	2805
1367	1693
1368	2735
1369	1640
1370	2634
1371	1588
1372	2737
1373	1590
1374	2682
1375	1564
1376	2719
1377	1580
1378	2658
1379	1631
1380	2728
1381	1638
1382	2522
1383	1595
1384	2736
1385	1583
1386	2561
1387	1608
1388	2826
1389	1473
1390	2478
1391	1610
1392	2852
1393	1505
1394	2640
1395	1718
1396	2809
1397	1495
1398	2752
1399	1644
1400	2790
1401	1617
1402	2852
1403	1617
1404	2917
1405	1736
1406	2698
1407	1705
1408	2984
1409	1628
1410	2869
1411	1582
1412	2832
1413	1619
1414	2678
1415	1661
1416	2740
1417	1522
1418	2675
1419	1460
1420	2729
1421	1546
1422	2682
1423	1544
1424	2629
1425	1531
1426	2808
1427	1593
1428	2776
1429	1654
1430	2640
1431	1607
1432	2758
1433	1611
1434	2655
1435	1545
1436	2739
1437	1665
1438	2673
1439	1534
1440	2801
1441	1612
1442	2665
1443	1493
1444	2723
1445	1606
1446	2559
1447	1482
1448	2586
1449	1487
1450	2495
1451	1502
1452	2653
1453	1493
1454	2362
1455	1442
1456	2550
1457	1400
1458	2428
1459	1409
1460	2550
1461	1467
1462	2305
1463	1399
1464	2523
1465	1368
1466	2416
1467	1403
1468	2612
1469	1422
1470	2479
1471	1497
1472	2634
1473	1480
1474	2482
1475	1503
1476	2549
1477	1401
1478	2437
1479	1480
1480	2455
1481	1423
1482	2393
1483	1476
1484	2569
1485	1371
1486	2298
1487	1357
1488	2544
1489	1310
1490	2320
1491	1340
1492	2447
1493	1284
1494	2268
1495	1414
1496	2299
1497	1343
1498	2384
1499	1455
1500	2396
1501	1353
1502	2356
1503	1384
1504	2353
1505	1417
1506	2298
1507	1288
1508	2279
1509	1237
1510	2098
1511	1221
1512	2097
1513	1234
1514	2070
1515	1144
1516	2230
1517	1120
1518	2060
1519	1190
1520	2145
1521	1252
1522	2080
1523	1171
1524	2272
1525	1276
1526	2144
1527	1349
1528	2284
1529	1254
1530	2085
1531	1275
1532	2315
1533	1252
1534	2135
1535	1202
1536	2152
1537	1291
1538	2032
1539	1198
1540	2202
1541	1159
1542	1922
1543	1296
1544	2160
1545	1234
1546	1962
1547	1173
1548	2180
1549	1201
1550	2015
1551	1212
1552	2233
1553	1273
1554	2235
1555	1282
1556	2306
1557	1282
1558	2070
1559	1275
1560	2260
1561	1209
1562	2252
1563	1279
1564	2187
1565	1257
1566	2084
1567	1248
1568	2199
1569	1237
1570	2038
1571	1272
1572	2278
1573	1228
1574	2101
1575	1269
1576	2279
1577	1246
1578	2177
1579	1305
1580	2132
1581	1231
1582	2221
1583	1286
1584	2180
1585	1218
1586	2103
1587	1226
1588	2076
1589	1172
1590	2039
1591	1196
1592	2150
1593	1217
1594	2004
1595	1232
1596	2170
1597	1308
1598	2084
1599	1213
1600	2229
1601	1229
1602	2070
1603	1236
1604	2186
1605	1221
1606	2286
1607	1166
1608	2072
1609	1247
1610	2066
1611	1182
1612	2274
1613	1173
1614	2225
1615	1170
1616	2111
1617	1256
1618	2009
1619	1193
1620	2171
1621	1233
1622	2028
1623	1168
1624	2025
1625	1132
1626	1916
1627	1113
1628	2235
1629	1140
1630	1930
1631	1220
1632	1993
1633	1087
1634	2069
1635	1207
1636	2059
1637	1127
1638	2029
1639	1152
1640	2101
1641	1191
1642	2051
1643	1148
1644	2128
1645	1162
1646	2076
1647	1209
1648	2047
1649	1166
1650	2105
1651	1071
1652	2000
1653	1114
1654	1903
1655	1119
1656	1910
1657	1030
1658	1902
1659	1082
1660	1870
1661	1031
1662	1737
1663	969
1664	1873
1665	952
1666	1784
1667	924
1668	1757
1669	1021
1670	1783
1671	909
1672	1767
1673	1010
1674	1811
1675	984
1676	1826
1677	1113
1678	1711
1679	984
1680	2039
1681	1098
1682	1823
1683	1055
1684	1847
1685	1083
1686	1758
1687	901
1688	1874
1689	930
1690	1599
1691	943
1692	1666
1693	860
1694	1682
1695	871
1696	1680
1697	898
1698	1541
1699	878
1700	1596
1701	876
1702	1632
1703	870
1704	1746
1705	935
1706	1590
1707	907
1708	1762
1709	905
1710	1733
1711	974
1712	1689
1713	897
1714	1684
1715	910
1716	1582
1717	908
1718	1519
1719	849
1720	1580
1721	788
1722	1448
1723	841
1724	1463
1725	826
1726	1353
1727	816
1728	1509
1729	791
1730	1519
1731	882
1732	1604
1733	832
1734	1494
1735	873
1736	1546
1737	769
1738	1532
1739	845
1740	1627
1741	836
1742	1528
1743	846
1744	1548
1745	790
1746	1585
1747	858
1748	1563
1749	855
1750	1442
1751	804
1752	1478
1753	789
1754	1569
1755	831
1756	1431
1757	868
1758	1402
1759	756
1760	1547
1761	811
1762	1433
1763	881
1764	1467
1765	883
1766	1396
1767	832
1768	1561
1769	863
1770	1441
1771	895
1772	1438
1773	931
1774	1580
1775	856
1776	1581
1777	813
1778	1498
1779	834
1780	1522
1781	873
1782	1513
1783	917
1784	1502
1785	846
1786	1489
1787	751
1788	1549
1789	830
1790	1515
1791	818
1792	1592
1793	817
1794	1323
1795	826
1796	1603
1797	849
1798	1566
1799	834
1800	1467
1801	794
1802	1528
1803	863
1804	1600
1805	910
1806	1513
1807	881
1808	1550
1809	861
1810	1494
1811	876
1812	1596
1813	885
1814	1478
1815	897
1816	1543
1817	842
1818	1511
1819	854
1820	1480
1821	777
1822	1414
1823	853
1824	1503
1825	836
1826	1464
1827	753
1828	1413
1829	713
1830	1332
1831	808
1832	1521
1833	823
1834	1395
1835	775
1836	1389
1837	763
1838	1329
1839	768
1840	1478
1841	808
1842	1435
1843	750
1844	1347
1845	815
1846	1401
1847	771
1848	1539
1849	835
1850	1446
1851	770
1852	1416
1853	813
1854	1371
1855	785
1856	1390
1857	839
1858	1286
1859	681
1860	1444
1861	875
1862	1314
1863	663
1864	1383
1865	707
1866	1214
1867	717
1868	1322
1869	660
1870	1252
1871	666
1872	1294
1873	642
1874	1224
1875	633
1876	1384
1877	689
1878	1286
1879	696
1880	1286
1881	684
1882	1343
1883	679
1884	1276
1885	657
1886	1268
1887	657
1888	1254
1889	704
1890	1304
1891	719
1892	1253
1893	669
1894	1213
1895	609
1896	1204
1897	595
1898	1235
1899	673
1900	1129
1901	517
1902	1074
1903	534
1904	1067
1905	460
1906	1133
1907	484
1908	998
1909	546
1910	970
1911	510
1912	1089
1913	487
1914	974
1915	511
1916	1178
1917	584
1918	1064
1919	567
1920	1127
1921	566
1922	1096
1923	499
1924	1218
1925	589
1926	1035
1927	543
1928	1132
1929	550
1930	979
1931	477
1932	1018
1933	485
1934	918
1935	453
1936	980
1937	528
1938	859
1939	454
1940	954
1941	504
1942	915
1943	457
1944	1017
1945	498
1946	965
1947	493
1948	1061
1949	458
1950	966
1951	500
1952	924
1953	546
1954	976
1955	493
1956	1009
1957	450
1958	990
1959	534
1960	971
1961	502
1962	1027
1963	462
1964	972
1965	449
1966	938
1967	549
1968	992
1969	465
1970	955
1971	529
1972	942
1973	434
1974	950
1975	568
1976	962
1977	493
1978	925
1979	500
1980	928
1981	473
1982	962
1983	535
1984	953
1985	505
1986	957
1987	505
1988	877
1989	427
1990	959
1991	491
1992	1044
1993	532
1994	1011
1995	483
1996	980
1997	532
1998	875
1999	510
2000	1037
2001	466
2002	1034
2003	534
2004	964
2005	500
2006	938
2007	495
2008	960
2009	597
2010	962
2011	532
2012	961
2013	489
2014	965
2015	448
2016	886
2017	622
2018	904
2019	509
2020	988
2021	489
2022	897
2023	473
2024	983
2025	578
2026	897
2027	506
2028	986
2029	490
2030	908
2031	477
2032	1010
2033	518
2034	907
2035	556
2036	999
2037	506
2038	949
2039	543
2040	946
2041	551
2042	939
2043	546
2044	991
2045	504
2046	922
2047	526
2048	999
2049	491
2050	834
2051	549
2052	1084
2053	492
2054	914
2055	522
2056	937
2057	468
2058	931
2059	555
2060	982
2061	480
2062	869
2063	490
2064	867
2065	428
2066	872
2067	555
2068	951
2069	442
2070	869
2071	450
2072	846
2073	444
2074	929
2075	506
2076	943
2077	462
2078	836
2079	453
2080	930
2081	450
2082	896
2083	506
2084	920
2085	418
2086	907
2087	484
2088	942
2089	442
2090	936
2091	427
2092	816
2093	417
2094	848
2095	424
2096	910
2097	450
2098	736
2099	402
2100	844
2101	436
2102	780
2103	401
2104	802
2105	397
2106	641
2107	328
2108	755
2109	376
2110	732
2111	336
2112	723
2113	368
2114	621
2115	336
2116	741
2117	302
2118	702
2119	338
2120	794
2121	307
2122	723
2123	398
2124	764
2125	360
2126	735
2127	373
2128	776
2129	387
2130	721
2131	361
2132	748
2133	327
2134	681
2135	356
2136	767
2137	313
2138	682
2139	332
2140	611
2141	303
2142	640
2143	268
2144	555
2145	251
2146	521
2147	264
2148	558
2149	259
2150	516
2151	270
2152	614
2153	275
2154	572
2155	275
2156	606
2157	269
2158	634
2159	289
2160	679
2161	265
2162	664
2163	300
2164	640
2165	332
2166	602
2167	238
2168	641
2169	236
2170	595
2171	266
2172	580
2173	306
2174	521
2175	216
2176	624
2177	255
2178	522
2179	215
2180	601
2181	246
2182	480
2183	219
2184	574
2185	213
2186	484
2187	227
2188	696
2189	262
2190	517
2191	207
2192	578
2193	272
2194	512
2195	261
2196	589
2197	257
2198	511
2199	241
2200	616
2201	267
2202	475
2203	234
2204	639
2205	237
2206	535
2207	244
2208	612
2209	243
2210	538
2211	269
2212	578
2213	251
2214	525
2215	270
2216	597
2217	219
2218	598
2219	262
2220	515
2221	257
2222	549
2223	304
2224	567
2225	228
2226	603
2227	278
2228	509
2229	231
2230	516
2231	275
2232	525
2233	274
2234	566
2235	275
2236	538
2237	250
2238	549
2239	266
2240	479
2241	267
2242	553
2243	262
2244	581
2245	291
2246	506
2247	273
2248	592
2249	258
2250	605
2251	279
2252	592
2253	297
2254	621
2255	297
2256	632
2257	314
2258	564
2259	265
2260	552
2261	314
2262	565
2263	301
2264	643
2265	290
2266	501
2267	263
2268	573
2269	307
2270	527
2271	303
2272	576
2273	296
2274	549
2275	224
2276	576
2277	278
2278	514
2279	278
2280	554
2281	338
2282	525
2283	287
2284	618
2285	325
2286	525
2287	309
2288	622
2289	272
2290	531
2291	274
2292	601
2293	252
2294	542
2295	282
2296	595
2297	288
2298	546
2299	278
2300	630
2301	226
2302	485
2303	310
2304	467
2305	318
2306	533
2307	243
2308	560
2309	224
2310	572
2311	311
2312	504
2313	235
2314	541
2315	248
2316	503
2317	245
2318	489
2319	293
2320	510
2321	279
2322	518
2323	262
2324	534
2325	216
2326	457
2327	263
2328	493
2329	250
2330	530
2331	228
2332	445
2333	207
2334	517
2335	252
2336	436
2337	247
2338	504
2339	201
2340	491
2341	220
2342	442
2343	186
2344	450
2345	243
2346	461
2347	195
2348	459
2349	209
2350	374
2351	159
2352	420
2353	217
2354	425
2355	184
2356	430
2357	187
2358	412
2359	192
2360	405
2361	211
2362	401
2363	187
2364	490
2365	234
2366	407
2367	191
2368	448
2369	210
2370	418
2371	222
2372	456
2373	183
2374	406
2375	156
2376	423
2377	182
2378	346
2379	157
2380	424
2381	148
2382	346
2383	122
2384	406
2385	152
2386	313
2387	130
2388	324
2389	105
2390	343
2391	153
2392	302
2393	123
2394	344
2395	136
2396	366
2397	113
2398	364
2399	180
2400	350
2401	150
2402	378
2403	152
2404	408
2405	132
2406	388
2407	162
2408	319
2409	153
2410	335
2411	114
2412	315
2413	111
2414	344
2415	114
2416	290
2417	92
2418	250
2419	88
2420	300
2421	94
2422	291
2423	81
2424	352
2425	100
2426	274
2427	111
2428	293
2429	86
2430	292
2431	75
2432	308
2433	139
2434	270
2435	117
2436	348
2437	92
2438	272
2439	91
2440	312
2441	110
2442	270
2443	113
2444	303
2445	88
2446	227
2447	115
2448	286
2449	124
2450	271
2451	87
2452	379
2453	103
2454	284
2455	95
2456	268
2457	122
2458	266
2459	126
2460	353
2461	80
2462	299
2463	100
2464	336
2465	123
2466	272
2467	130
2468	294
2469	93
2470	357
2471	123
2472	291
2473	105
2474	250
2475	139
2476	293
2477	121
2478	334
2479	115
2480	322
2481	115
2482	313
2483	137
2484	280
2485	148
2486	320
2487	108
2488	306
2489	122
2490	272
2491	156
2492	274
2493	124
2494	306
2495	112
2496	271
2497	132
2498	303
2499	108
2500	265
2501	136
2502	280
2503	124
2504	272
2505	121
2506	312
2507	158
2508	306
2509	152
2510	341
2511	103
2512	312
2513	145
2514	276
2515	155
2516	322
2517	158
2518	330
2519	115
2520	393
2521	148
2522	284
2523	146
2524	348
2525	143
2526	340
2527	136
2528	362
2529	148
2530	240
2531	126
2532	346
2533	143
2534	272
2535	127
2536	373
2537	126
2538	277
2539	134
2540	286
2541	122
2542	247
2543	133
2544	346
2545	136
2546	259
2547	135
2548	287
2549	149
2550	277
2551	160
2552	314
2553	128
2554	288
2555	132
2556	351
2557	136
2558	274
2559	190
2560	308
2561	135
2562	267
2563	132
2564	297
2565	152
2566	317
2567	163
2568	299
2569	111
2570	308
2571	135
2572	249
2573	157
2574	274
2575	157
2576	311
2577	119
2578	287
2579	124
2580	255
2581	116
2582	267
2583	115
2584	279
2585	96
2586	248
2587	112
2588	259
2589	116
2590	213
2591	106
2592	282
2593	88
2594	274
2595	99
2596	245
2597	103
2598	219
2599	82
2600	286
2601	127
2602	284
2603	107
2604	246
2605	126
2606	204
2607	130
2608	266
2609	137
2610	259
2611	103
2612	283
2613	145
2614	204
2615	112
2616	282
2617	96
2618	225
2619	79
2620	249
2621	100
2622	184
2623	110
2624	229
2625	83
2626	242
2627	66
2628	196
2629	84
2630	179
2631	113
2632	216
2633	80
2634	206
2635	65
2636	231
2637	73
2638	209
2639	95
2640	241
2641	74
2642	241
2643	118
2644	215
2645	79
2646	201
2647	93
2648	195
2649	77
2650	221
2651	83
2652	200
2653	62
2654	152
2655	95
2656	192
2657	56
2658	215
2659	43
2660	160
2661	60
2662	120
2663	43
2664	115
2665	32
2666	173
2667	41
2668	194
2669	60
2670	124
2671	50
2672	146
2673	52
2674	164
2675	50
2676	238
2677	57
2678	181
2679	72
2680	204
2681	62
2682	169
2683	34
2684	192
2685	58
2686	175
2687	60
2688	189
2689	55
2690	125
2691	24
2692	164
2693	33
2694	97
2695	37
2696	202
2697	29
2698	136
2699	23
2700	152
2701	18
2702	103
2703	43
2704	130
2705	29
2706	125
2707	16
2708	155
2709	32
2710	119
2711	54
2712	162
2713	31
2714	146
2715	25
2716	145
2717	28
2718	145
2719	41
2720	110
2721	36
2722	141
2723	29
2724	216
2725	19
2726	134
2727	49
2728	117
2729	41
2730	143
2731	49
2732	172
2733	17
2734	160
2735	50
2736	117
2737	48
2738	169
2739	45
2740	153
2741	43
2742	171
2743	39
2744	107
2745	36
2746	165
2747	50
2748	187
2749	36
2750	121
2751	45
2752	144
2753	67
2754	165
2755	36
2756	133
2757	29
2758	160
2759	52
2760	132
2761	64
2762	141
2763	33
2764	151
2765	50
2766	145
2767	55
2768	177
2769	59
2770	150
2771	45
2772	179
2773	54
2774	141
2775	44
2776	133
2777	84
2778	141
2779	52
2780	219
2781	58
2782	168
2783	51
2784	154
2785	64
2786	116
2787	58
2788	221
2789	58
2790	159
2791	49
2792	173
2793	62
2794	138
2795	64
2796	162
2797	44
2798	157
2799	59
2800	153
2801	51
2802	99
2803	69
2804	163
2805	35
2806	135
2807	39
2808	158
2809	71
2810	152
2811	80
2812	160
2813	26
2814	168
2815	60
2816	145
2817	62
2818	170
2819	51
2820	158
2821	39
2822	143
2823	66
2824	192
2825	55
2826	169
2827	59
2828	143
2829	55
2830	185
2831	52
2832	141
2833	60
2834	128
2835	84
2836	173
2837	48
2838	156
2839	58
2840	147
2841	69
2842	138
2843	58
2844	134
2845	78
2846	160
2847	56
2848	133
2849	57
2850	101
2851	59
2852	132
2853	84
2854	147
2855	35
2856	147
2857	60
2858	118
2859	57
2860	136
2861	61
2862	148
2863	44
2864	156
2865	70
2866	131
2867	52
2868	136
2869	63
2870	111
2871	47
2872	166
2873	66
2874	127
2875	64
2876	127
2877	60
2878	116
2879	65
2880	147
2881	57
2882	126
2883	83
2884	152
2885	47
2886	105
2887	57
2888	156
2889	46
2890	82
2891	58
2892	102
2893	54
2894	135
2895	52
2896	84
2897	29
2898	89
2899	35
2900	119
2901	34
2902	123
2903	50
2904	133
2905	28
2906	84
2907	42
2908	92
2909	53
2910	82
2911	35
2912	160
2913	34
2914	135
2915	51
2916	98
2917	57
2918	98
2919	52
2920	136
2921	41
2922	136
2923	71
2924	105
2925	48
2926	114
2927	32
2928	114
2929	41
2930	110
2931	25
2932	80
2933	28
2934	61
2935	31
2936	87
2937	19
2938	105
2939	17
2940	91
2941	21
2942	79
2943	19
2944	97
2945	24
2946	81
2947	21
2948	74
2949	27
2950	84
2951	27
2952	89
2953	30
2954	69
2955	26
2956	98
2957	46
2958	107
2959	26
2960	118
2961	23
2962	79
2963	27
2964	82
2965	29
2966	58
2967	17
2968	100
2969	9
2970	91
2971	9
2972	48
2973	14
2974	47
2975	5
2976	71
2977	12
2978	86
2979	5
2980	49
2981	9
2982	58
2983	6
2984	58
2985	12
2986	79
2987	5
2988	66
2989	15
2990	60
2991	15
2992	67
2993	30
2994	85
2995	12
2996	57
2997	26
2998	65
2999	16
3000	79
3001	8
3002	61
3003	3
3004	67
3005	17
3006	67
3007	13
3008	87
3009	8
3010	71
3011	4
3012	57
3013	19
3014	64
3015	5
3016	92
3017	3
3018	58
3019	1
3020	66
3021	28
3022	31
3023	7
3024	103
3025	10
3026	78
3028	100
3029	6
3030	39
3031	10
3032	66
3033	7
3034	73
3035	20
3036	81
3037	10
3038	31
3039	17
3040	80
3041	12
3042	81
3043	11
3044	89
3045	11
3046	47
3047	18
3048	50
3049	4
3050	79
3051	15
3052	67
3053	15
3054	59
3055	15
3056	60
3057	5
3058	75
3059	16
3060	85
3061	12
3062	53
3063	23
3064	69
3065	9
3066	85
3067	2
3068	66
3069	8
3070	87
3071	27
3072	70
3073	13
3074	103
3075	5
3076	85
3077	6
3078	66
3079	43
3080	95
3081	14
3082	103
3083	9
3084	67
3085	18
3086	89
3087	18
3088	49
3089	14
3090	94
3091	7
3092	63
3093	35
3094	54
3095	18
3096	50
3097	28
3098	71
3099	6
3100	102
3101	21
3102	68
3103	22
3104	48
3105	20
3106	68
3107	9
3108	77
3109	23
3110	77
3111	25
3112	55
3113	20
3114	68
3115	12
3116	106
3117	23
3118	64
3119	21
3120	70
3121	28
3122	60
3123	11
3124	130
3125	11
3126	74
3127	22
3128	80
3129	31
3130	64
3131	16
3132	96
3133	15
3134	56
3135	21
3136	97
3137	35
3138	62
3139	25
3140	74
3141	13
3142	51
3143	40
3144	59
3145	22
3146	69
3147	22
3148	87
3149	10
3150	59
3151	32
3152	64
3153	34
3154	65
3155	19
3156	77
3157	9
3158	77
3159	33
3160	38
3161	15
3162	58
3163	11
3164	82
3165	15
3166	88
3167	21
3168	53
3169	12
3170	61
3171	24
3172	74
3173	18
3174	95
3175	18
3176	67
3177	24
3178	54
3179	36
3180	55
3181	16
3182	78
3183	16
3184	60
3185	41
3186	60
3187	30
3188	54
3189	24
3190	57
3191	22
3192	81
3193	35
3194	56
3195	27
3196	60
3197	31
3198	41
3199	13
3200	43
3201	40
3202	44
3203	17
3204	70
3205	13
3206	42
3207	7
3208	52
3209	31
3210	41
3211	15
3212	66
3213	10
3214	51
3215	20
3216	75
3217	22
3218	32
3219	13
3220	31
3221	22
3222	80
3223	16
3224	57
3225	23
3226	35
3227	25
3228	52
3229	19
3230	47
3231	19
3232	79
3233	17
3234	40
3235	34
3236	55
3237	20
3238	58
3239	21
3240	57
3241	13
3242	42
3243	19
3244	43
3245	8
3246	20
3247	15
3248	44
3249	5
3250	33
3251	10
3252	38
3253	8
3254	11
3255	1
3256	28
3257	5
3258	24
3259	16
3260	40
3261	6
3262	35
3263	4
3264	38
3265	11
3266	31
3267	16
3268	50
3269	13
3270	39
3271	12
3272	55
3273	13
3274	41
3275	15
3276	28
3277	15
3278	42
3279	8
3280	48
3281	8
3282	31
3283	8
3284	25
3285	8
3286	21
3287	2
3288	48
3289	1
3290	37
3291	4
3292	18
3294	17
3295	6
3296	38
3298	33
3300	18
3301	9
3302	35
3303	4
3304	30
3305	2
3306	39
3307	4
3308	34
3309	9
3310	26
3311	4
3312	32
3313	2
3314	24
3315	1
3316	28
3317	5
3318	41
3319	3
3320	19
3322	26
3323	2
3324	23
3325	8
3326	20
3328	35
3330	35
3331	2
3332	33
3333	4
3334	27
3336	37
3338	22
3339	4
3340	28
3341	9
3342	12
3344	46
3346	30
3348	25
3349	2
3350	22
3352	36
3353	4
3354	34
3356	24
3357	4
3358	17
3359	1
3360	45
3362	26
3364	38
3365	1
3366	11
3367	9
3368	35
3370	23
3371	1
3372	42
3373	4
3374	30
3375	6
3376	46
3378	24
3379	3
3380	25
3381	5
3382	29
3383	13
3384	48
3386	18
3387	11
3388	29
3389	3
3390	30
3391	7
3392	45
3394	28
3395	1
3396	23
3397	6
3398	23
3399	7
3400	25
3402	42
3404	28
3405	4
3406	32
3407	6
3408	31
3410	41
3411	6
3412	32
3414	32
3415	6
3416	24
3417	1
3418	68
3420	30
3421	2
3422	29
3423	4
3424	32
3425	15
3426	37
3427	1
3428	39
3429	6
3430	29
3431	3
3432	28
3433	6
3434	39
3435	5
3436	18
3437	7
3438	33
3439	6
3440	29
3441	11
3442	25
3443	1
3444	33
3445	9
3446	15
3447	6
3448	49
3449	3
3450	32
3452	47
3453	7
3454	18
3455	5
3456	41
3457	6
3458	45
3460	37
3461	5
3462	22
3463	2
3464	36
3465	2
3466	26
3467	1
3468	58
3469	7
3470	21
3471	4
3472	27
3473	7
3474	33
3475	3
3476	63
3477	3
3478	19
3479	8
3480	35
3481	7
3482	21
3483	19
3484	50
3485	7
3486	16
3487	18
3488	24
3489	5
3490	25
3491	12
3492	40
3493	6
3494	29
3495	12
3496	10
3497	5
3498	41
3499	4
3500	22
3501	3
3502	30
3503	14
3504	40
3505	7
3506	41
3507	3
3508	34
3509	3
3510	24
3511	10
3512	22
3513	2
3514	51
3515	2
3516	29
3517	1
3518	36
3519	7
3520	22
3521	7
3522	20
3523	7
3524	37
3525	5
3526	27
3527	12
3528	18
3529	18
3530	30
3531	6
3532	27
3533	6
3534	33
3535	12
3536	19
3537	11
3538	18
3539	6
3540	32
3541	14
3542	23
3543	10
3544	21
3545	14
3546	12
3547	5
3548	40
3549	10
3550	41
3551	5
3552	32
3553	10
3554	18
3555	4
3556	23
3557	3
3558	13
3559	6
3560	37
3561	4
3562	11
3563	2
3564	21
3565	8
3566	9
3567	2
3568	11
3569	9
3570	23
3571	9
3572	25
3573	4
3574	10
3575	3
3576	14
3577	8
3578	15
3579	14
3580	44
3581	5
3582	29
3583	8
3584	15
3585	10
3586	15
3587	12
3588	25
3589	5
3590	27
3591	12
3592	16
3593	8
3594	16
3595	7
3596	13
3597	2
3598	20
3599	3
3600	20
3601	1
3602	3
3603	5
3604	1
3606	21
3607	1
3608	13
3609	1
3610	4
3612	4
3614	15
3615	3
3616	33
3617	1
3618	7
3620	9
3621	7
3622	25
3623	4
3624	15
3625	4
3626	16
3627	3
3628	15
3629	5
3630	15
3632	12
3633	7
3634	4
3635	3
3636	23
3637	3
3638	17
3640	13
3641	5
3642	4
3644	2
3646	19
3648	4
3649	1
3650	1
3652	8
3654	10
3656	15
3657	4
3658	8
3659	2
3660	1
3662	15
3663	1
3664	27
3665	1
3666	22
3668	5
3670	4
3671	1
3672	21
3674	11
3675	1
3676	10
3678	2
3680	19
3682	14
3684	7
3686	9
3688	8
3690	1
3692	15
3694	10
3696	19
3698	3
3699	3
3700	2
3702	18
3704	10
3706	10
3707	2
3708	9
3710	4
3712	34
3714	10
3715	6
3716	5
3718	4
3720	17
3722	21
3723	2
3724	7
3726	5
3728	23
3730	27
3732	13
3734	3
3736	5
3738	28
3740	5
3742	10
3743	1
3744	10
3746	20
3748	8
3750	15
3752	20
3754	17
3756	5
3757	4
3758	17
3760	13
3762	10
3764	15
3765	2
3766	2
3768	16
3770	11
3772	9
3773	9
3774	15
3776	10
3778	20
3780	22
3781	3
3782	7
3784	14
3786	14
3788	18
3789	5
3790	5
3792	14
3794	19
3796	25
3798	10
3800	12
3801	1
3802	12
3804	9
3806	9
3808	26
3810	10
3812	18
3814	9
3815	5
3816	18
3818	13
3820	20
3821	2
3822	11
3823	7
3824	11
3826	9
3828	16
3829	3
3830	10
3831	7
3832	16
3834	7
3836	13
3837	5
3838	16
3839	2
3840	7
3842	27
3844	13
3846	12
3847	4
3848	8
3850	18
3852	24
3854	19
3855	2
3856	5
3858	20
3859	3
3860	9
3862	27
3864	11
3865	1
3866	21
3868	13
3870	8
3871	2
3872	11
3873	13
3874	12
3875	1
3876	15
3877	1
3878	5
3879	4
3880	12
3881	4
3882	16
3884	6
3885	8
3886	8
3887	3
3888	10
3889	7
3890	8
3892	17
3893	1
3894	7
3895	2
3896	9
3897	3
3898	11
3900	19
3902	9
3903	2
3904	20
3905	5
3906	6
3908	30
3910	4
3912	15
3913	1
3914	2
3916	10
3917	1
3918	9
3920	7
3921	4
3922	2
3923	2
3924	14
3926	6
3927	3
3928	25
3929	3
3930	2
3931	9
3932	5
3933	3
3934	4
3935	7
3936	5
3937	4
3938	21
3939	1
3940	4
3941	1
3942	10
3943	4
3944	2
3945	3
3946	10
3947	2
3948	17
3950	15
3951	2
3952	8
3953	1
3954	9
3956	5
3958	7
3959	2
3962	5
3964	7
3966	5
3967	1
3968	1
3970	1
3971	3
3972	3
3973	2
3974	14
3975	1
3976	7
3977	4
3978	5
3979	4
3980	5
3981	1
3982	3
3983	1
3984	20
3985	6
3986	2
3987	1
3988	13
3989	3
3990	2
3991	1
3992	7
3993	1
3994	15
3996	10
3997	2
4004	13
4012	3
4014	5
4020	11
4021	2
4022	4
4024	3
4026	2
4027	2
4028	2
4030	8
4032	8
4038	6
4040	21
4042	1
4046	1
4048	1
4050	8
4052	1
4054	7
4060	12
4062	5
4064	2
4066	1
4068	5
4070	13
4072	3
4076	5
4078	4
4080	10
4086	11
4088	7
4089	3
4090	4
4096	12
4098	6
4100	1
4104	2
4106	13
4108	1
4112	8
4114	1
4116	9
4118	1
4120	10
4126	11
4128	9
4130	1
4132	6
4134	3
4136	14
4138	3
4142	3
4144	13
4146	8
4147	1
4148	3
4152	9
4154	6
4155	1
4156	8
4162	10
4164	5
4170	13
4172	9
4174	1
4176	5
4178	6
4180	2
4182	5
4184	3
4186	13
4188	1
4191	1
4192	11
4194	4
4196	5
4198	5
4200	5
4202	12
4204	3
4205	4
4208	5
4210	6
4212	10
4213	2
4214	1
4218	11
4220	11
4221	3
4222	3
4226	4
4228	15
4230	1
4232	8
4234	3
4236	7
4238	2
4240	3
4242	7
4244	17
4246	1
4248	5
4250	4
4252	9
4254	2
4256	7
4258	7
4260	8
4262	2
4263	4
4264	11
4266	4
4268	3
4270	6
4271	3
4272	4
4274	1
4276	9
4278	3
4279	4
4280	2
4282	3
4284	5
4286	11
4287	3
4288	5
4290	4
4292	10
4294	4
4296	3
4298	5
4300	4
4302	11
4304	1
4306	7
4307	1
4308	3
4310	7
4312	7
4314	4
4318	3
4320	3
4321	6
4322	3
4326	2
4327	1
4328	4
4329	3
4330	1
4332	12
4334	2
4335	3
4336	2
4337	3
4338	1
4340	5
4342	8
4344	5
4345	1
4346	1
4348	6
4350	1
4352	15
4353	2
4354	1
4356	3
4370	2
4371	1
4372	5
4376	3
4377	1
4378	4
4379	3
4382	2
4383	3
4384	1
4385	1
4386	5
4388	5
4390	3
4391	1
4392	3
4394	4
4398	6
4402	2
4408	9
4418	5
4422	1
4424	1
4426	2
4427	1
4428	7
4432	2
4436	2
4444	5
4446	1
4448	2
4452	1
4454	3
4464	13
4474	4
4484	6
4486	3
4494	3
4502	4
4510	4
4512	2
4520	9
4522	2
4524	2
4528	1
4530	11
4540	5
4544	1
4550	5
4552	1
4560	9
4568	3
4570	2
4576	9
4578	3
4586	4
4588	3
4596	9
4602	5
4604	4
4606	2
4610	3
4616	6
4618	5
4626	7
4632	6
4634	5
4636	5
4642	4
4644	3
4646	2
4652	4
4653	3
4654	2
4660	3
4662	5
4668	3
4670	1
4672	2
4674	1
4676	10
4680	3
4682	3
4684	3
4688	3
4690	1
4692	5
4694	3
4698	1
4700	2
4702	1
4704	1
4708	9
4711	2
4712	2
4718	3
4719	1
4726	4
4732	3
4734	4
4736	1
4738	2
4740	1
4742	5
4744	1
4746	1
4748	2
4750	5
4752	3
4754	4
4756	5
4762	1
4769	3
4776	4
4777	1
4782	1
4784	2
4785	2
4788	3
4790	3
4792	5
4796	2
4800	2
4802	3
4812	2
4820	1
4822	3
4826	1
4827	1
4828	1
4832	5
4833	1
4834	3
4838	1
4868	2
4878	1
4888	7
4898	1
4908	3
4912	1
4934	5
4944	3
4954	4
4964	4
4974	1
4984	1
4992	3
5000	4
5010	3
5020	8
5030	2
5040	1
5050	3
5058	2
5060	2
5066	4
5068	1
5076	5
5086	3
5096	2
5106	2
5108	2
5116	2
5124	3
5132	6
5134	1
5140	2
5142	2
5144	1
5152	4
5166	4
5174	1
5182	4
5188	2
5190	1
5192	2
5198	5
5216	2
5217	2
5224	2
5232	3
5238	1
5240	3
5244	2
5268	1
5275	1
5282	2
5283	1
5288	1
5292	4
5358	2
5368	4
5424	3
5434	2
5444	3
5490	2
5500	2
5510	2
5520	2
5556	5
5566	1
5576	3
5596	3
5614	2
5622	2
5632	3
5642	2
5672	2
5676	1
5680	1
5688	3
5690	1
5730	3
5738	1
5744	1
5781	1
5788	1
5828	2
5904	2
5980	4
6046	2
6056	2
6112	2
6122	1
6132	2
6178	3
6188	1
6236	1
6244	1
6294	1
6345	1
6440	1
6516	1
6592	2
6668	3
6734	1
6744	1
6800	1
6858	1
7204	2
7280	1
7356	1
7422	1
7968	1
8044	1
8732	1
9496	1
